93
1
3
57
53
46
83
53
87
8
12
15
47
70
43
83
85
93
76
18
85
77
93
7
23
40
62
32
40
49
69
44
30
89
62
50
57
44
63
21
14
84
25
32
14
38
54
13
28
18
40
21
37
99
28
10
17
23
92
62
91
47
87
44
29
76
79
97
70
56
33
9
9
75
17
79
66
0
5
79
93
3
71
24
43
45
16
91
29
28
12
99
9
38
92
85
0
37
30
96
38
1
31
43
95
9
21
84
55
72
20
77
42
36
35
65
2
6
24
28
40
66
52
8
5
96
78
1
73
84
28
8
73
26
91
1
30
27
16
38
23
85
86
32
65
86
24
0
35
73
13
47
28
65
18
60
75
58
78
23
22
58
48
8
24
37
6
33
61
65
10
13
1
45
77
42
60
61
32
2
89
43
79
22
18
10
2
36
65
77
84
99
17
50
6
21
66
16
0
5
48
50
3
99
39
7
51
45
41
19
89
71
85
25
30
59
43
60
58
76
84
95
63
42
80
76
7
11
20
4
32
64
23
62
28
90
17
98
13
32
78
83
14
39
54
73
9
69
45
55
24
99
54
53
36
82
85
65
9
21
46
57
88
50
18
69
40
66
88
8
46
35
33
34
28
89
93
68
85
85
86
88
31
18
63
43
39
25
6
0
34
97
95
95
58
7
21
73
79
29
44
71
80
2
53
86
90
2
41
34
38
73
76
70
20
69
47
8
40
38
54
34
54
96
15
6
71
52
64
67
30
53
72
81
53
58
81
23
39
30
87
47
44
19
53
14
49
31
24
82
75
85
16
94
31
41
43
90
51
92
35
73
43
11
81
36
66
93
15
56
78
80
30
67
7
77
95
3
4
77
73
36
47
34
94
77
31
50
11
79
61
46
66
86
25
14
18
53
63
45
78
17
68
97
15
37
22
81
28
81
93
3
40
1
70
21
15
70
17
7
34
68
18
24
89
83
73
79
95
92
4
1
98
66
19
48
53
35
54
26
19
85
58
32
5
7
17
42
75
9
62
30
5
99
50
45
45
11
81
45
34
89
36
49
90
24
6
38
85
51
75
4
3
42
17
57
77
92
11
74
41
39
53
49
47
34
33
78
36
26
4
30
32
28
28
1
16
19
90
63
71
71
49
80
74
61
57
18
40
85
79
48
31
71
62
60
93
51
99
57
75
65
78
88
76
48
72
57
63
26
69
67
30
65
39
44
19
29
30
94
89
55
88
72
56
78
9
25
38
8
91
88
66
11
95
43
27
35
48
50
27
5
33
33
2
70
43
18
46
75
41
38
52
24
55
86
40
23
83
94
23
98
38
9
42
57
56
97
80
79
87
18
16
37
42
54
61
94
35
49
98
18
81
2
26
13
28
90
63
10
67
31
19
17
16
58
45
6
60
83
60
94
30
31
38
9
54
73
88
69
84
28
13
26
66
53
15
50
51
36
61
52
57
70
19
65
37
90
28
55
20
76
98
82
5
72
21
37
11
87
69
47
89
86
62
0
61
32
10
94
43
89
14
32
57
0
75
18
29
89
88
91
78
70
40
20
56
29
77
10
72
0
44
16
84
24
29
23
9
30
16
87
13
79
38
47
48
96
26
28
27
56
59
6
36
74
18
89
11
50
78
99
89
75
8
80
63
91
98
47
10
88
12
24
37
92
65
32
85
96
80
63
80
61
62
69
1
40
77
19
73
4
36
49
35
29
94
55
15
64
89
17
36
62
11
28
31
71
71
31
80
29
6
30
96
94
98
83
18
35
13
95
71
93
7
91
89
38
53
72
95
78
42
4
56
68
4
25
71
96
52
93
54
39
0
91
54
74
97
36
42
4
53
56
21
87
23
14
7
78
2
97
1
0
21
89
88
53
64
9
20
28
88
5
70
77
17
84
36
49
21
37
97
26
41
20
55
13
16
37
98
32
20
60
67
96
74
7
87
18
62
41
99
81
16
24
52
40
57
83
24
15
8
66
7
78
50
46
65
39
18
24
8
84
28
14
86
70
33
43
22
46
19
69
12
13
86
13
68
55
29
22
15
16
92
69
33
64
20
70
42
89
2
96
39
68
6
32
54
20
82
76
63
75
46
13
67
35
63
0
55
84
33
62
21
28
36
13
61
68
70
87
51
55
50
44
67
54
88
36
7
60
89
30
13
42
80
13
99
50
87
50
20
24
76
23
49
0
7
99
66
17
1
54
8
66
47
88
78
62
13
35
20
96
18
46
24
82
21
17
58
1
63
18
99
94
3
33
21
51
